
0 1 2 3 4 5 6 7 8 
9 10 11 12 13 14 15 16 17 
18 19 20 21 22 23 24 25 26 
27 28 29 30 31 32 33 34 35 
36 37 38 39 40 41 42 43 44 
45 46 47 48 49 50 51 52 53 
54 55 56 57 58 59 60 61 62 
63 64 65 66 67 68 69 70 71 

19:  [10]  [1]  [18] 

20:  [11]  [2]  [29]  [38]  [47]  [21]  [12]  [3] 

24:  [15]  [6]  [33]  [42]  [51]  [23]  [14]  [5] 

25:  [16]  [7]  [26] 

28:  [29]  [38]  [47]  [27] 

30:  [21]  [12]  [39]  [38]  [29]  [29]  [38]  [47] 

31:  [22]  [13]  [4] 

32:  [23]  [14]  [41]  [42]  [33]  [33]  [42]  [51] 

34:  [35]  [33]  [42]  [51] 

37:  [38]  [29]  [36] 

40:  [41]  [42]  [33]  [39]  [38]  [29] 

43:  [44]  [42]  [33] 

46:  [47]  [38]  [29]  [45] 

48:  [39]  [38]  [29]  [57]  [66]  [47]  [38]  [29] 

49:  [58]  [67] 

50:  [41]  [42]  [33]  [59]  [68]  [51]  [42]  [33] 

52:  [53]  [51]  [42]  [33] 

55:  [64]  [54] 

56:  [47]  [38]  [29]  [65]  [57]  [66] 

60:  [51]  [42]  [33]  [69]  [59]  [68] 

61:  [70]  [62] 

del:19 20 24 25 55 56 60 61 
28:  [19]  [29]  [20]  [27] 

30:  [21]  [12]  [39]  [38]  [29]  [20]  [29] 

31:  [22]  [13] 

32:  [23]  [14]  [41]  [42]  [33]  [24]  [33] 

34:  [25]  [35]  [33] 

37:  [38]  [36] 

40:  [41]  [42]  [39]  [38] 

43:  [44]  [42] 

46:  [55]  [47]  [38]  [45] 

48:  [39]  [38]  [57]  [66]  [47]  [38] 

49:  [58]  [67] 

50:  [41]  [42]  [59]  [68]  [51]  [42] 

52:  [61]  [53]  [51]  [42] 

del:28 30 32 34 37 40 43 46 48 50 52 
31:  [22]  [13]  [40]  [32]  [30] 

49:  [40]  [58]  [67]  [50]  [48] 

del:31 49 
3
